simWLnm, simR, simA, simT
1.000000e+03, 7.902848e-01, 1.966173e-04, 2.095186e-01
1.000069e+03, 7.902913e-01, 1.963489e-04, 2.095123e-01
1.000137e+03, 7.902978e-01, 1.960806e-04, 2.095061e-01
1.000206e+03, 7.903043e-01, 1.958122e-04, 2.094999e-01
1.000275e+03, 7.903108e-01, 1.955439e-04, 2.094937e-01
1.000344e+03, 7.903172e-01, 1.952756e-04, 2.094875e-01
1.000412e+03, 7.903237e-01, 1.950074e-04, 2.094813e-01
1.000481e+03, 7.903301e-01, 1.947392e-04, 2.094751e-01
1.000550e+03, 7.903366e-01, 1.944710e-04, 2.094689e-01
1.000618e+03, 7.903430e-01, 1.942028e-04, 2.094628e-01
1.000687e+03, 7.903494e-01, 1.939347e-04, 2.094566e-01
1.000756e+03, 7.903559e-01, 1.936666e-04, 2.094505e-01
1.000824e+03, 7.903623e-01, 1.933986e-04, 2.094443e-01
1.000893e+03, 7.903686e-01, 1.931305e-04, 2.094382e-01
1.000962e+03, 7.903750e-01, 1.928625e-04, 2.094321e-01
1.001031e+03, 7.903814e-01, 1.925945e-04, 2.094260e-01
1.001099e+03, 7.903878e-01, 1.923266e-04, 2.094199e-01
1.001168e+03, 7.903941e-01, 1.920587e-04, 2.094138e-01
1.001237e+03, 7.904005e-01, 1.917908e-04, 2.094077e-01
1.001305e+03, 7.904068e-01, 1.915229e-04, 2.094017e-01
1.001374e+03, 7.904131e-01, 1.912551e-04, 2.093956e-01
1.001443e+03, 7.904194e-01, 1.909873e-04, 2.093896e-01
1.001512e+03, 7.904258e-01, 1.907195e-04, 2.093835e-01
1.001580e+03, 7.904321e-01, 1.904518e-04, 2.093775e-01
1.001649e+03, 7.904383e-01, 1.901841e-04, 2.093715e-01
1.001718e+03, 7.904446e-01, 1.899164e-04, 2.093655e-01
1.001786e+03, 7.904509e-01, 1.896488e-04, 2.093595e-01
1.001855e+03, 7.904572e-01, 1.893812e-04, 2.093535e-01
1.001924e+03, 7.904634e-01, 1.891136e-04, 2.093475e-01
1.001992e+03, 7.904696e-01, 1.888460e-04, 2.093415e-01
1.002061e+03, 7.904759e-01, 1.885785e-04, 2.093355e-01
1.002130e+03, 7.904821e-01, 1.883110e-04, 2.093296e-01
1.002199e+03, 7.904883e-01, 1.880435e-04, 2.093236e-01
1.002267e+03, 7.904945e-01, 1.877761e-04, 2.093177e-01
1.002336e+03, 7.905007e-01, 1.875086e-04, 2.093118e-01
1.002405e+03, 7.905069e-01, 1.872413e-04, 2.093059e-01
1.002473e+03, 7.905131e-01, 1.869739e-04, 2.092999e-01
1.002542e+03, 7.905193e-01, 1.867179e-04, 2.092940e-01
1.002611e+03, 7.905255e-01, 1.864691e-04, 2.092881e-01
1.002680e+03, 7.905316e-01, 1.862202e-04, 2.092821e-01
1.002748e+03, 7.905378e-01, 1.859715e-04, 2.092762e-01
1.002817e+03, 7.905440e-01, 1.857227e-04, 2.092703e-01
1.002886e+03, 7.905501e-01, 1.854740e-04, 2.092644e-01
1.002954e+03, 7.905563e-01, 1.852253e-04, 2.092585e-01
1.003023e+03, 7.905624e-01, 1.849766e-04, 2.092526e-01
1.003092e+03, 7.905685e-01, 1.847279e-04, 2.092468e-01
1.003161e+03, 7.905746e-01, 1.844793e-04, 2.092409e-01
1.003229e+03, 7.905807e-01, 1.842307e-04, 2.092350e-01
1.003298e+03, 7.905868e-01, 1.839822e-04, 2.092292e-01
1.003367e+03, 7.905929e-01, 1.837336e-04, 2.092233e-01
1.003435e+03, 7.905990e-01, 1.834851e-04, 2.092175e-01
1.003504e+03, 7.906051e-01, 1.832366e-04, 2.092117e-01
1.003573e+03, 7.906111e-01, 1.829881e-04, 2.092059e-01
1.003641e+03, 7.906172e-01, 1.827397e-04, 2.092001e-01
1.003710e+03, 7.906232e-01, 1.824913e-04, 2.091943e-01
1.003779e+03, 7.906292e-01, 1.822429e-04, 2.091885e-01
1.003848e+03, 7.906353e-01, 1.819946e-04, 2.091827e-01
1.003916e+03, 7.906413e-01, 1.817463e-04, 2.091770e-01
1.003985e+03, 7.906473e-01, 1.814980e-04, 2.091712e-01
1.004054e+03, 7.906533e-01, 1.812497e-04, 2.091655e-01
1.004122e+03, 7.906593e-01, 1.810014e-04, 2.091597e-01
1.004191e+03, 7.906652e-01, 1.807532e-04, 2.091540e-01
1.004260e+03, 7.906712e-01, 1.805050e-04, 2.091483e-01
1.004329e+03, 7.906772e-01, 1.802569e-04, 2.091426e-01
1.004397e+03, 7.906831e-01, 1.800087e-04, 2.091369e-01
1.004466e+03, 7.906891e-01, 1.797606e-04, 2.091312e-01
1.004535e+03, 7.906950e-01, 1.795125e-04, 2.091255e-01
1.004603e+03, 7.907009e-01, 1.792645e-04, 2.091198e-01
1.004672e+03, 7.907068e-01, 1.790164e-04, 2.091142e-01
1.004741e+03, 7.907127e-01, 1.787684e-04, 2.091085e-01
1.004809e+03, 7.907186e-01, 1.785204e-04, 2.091029e-01
1.004878e+03, 7.907245e-01, 1.782725e-04, 2.090972e-01
1.004947e+03, 7.907304e-01, 1.780246e-04, 2.090916e-01
1.005016e+03, 7.907363e-01, 1.777808e-04, 2.090860e-01
1.005084e+03, 7.907421e-01, 1.775511e-04, 2.090803e-01
1.005153e+03, 7.907480e-01, 1.773214e-04, 2.090747e-01
1.005222e+03, 7.907539e-01, 1.770918e-04, 2.090690e-01
1.005290e+03, 7.907597e-01, 1.768621e-04, 2.090634e-01
1.005359e+03, 7.907656e-01, 1.766325e-04, 2.090578e-01
1.005428e+03, 7.907714e-01, 1.764030e-04, 2.090522e-01
1.005497e+03, 7.907773e-01, 1.761734e-04, 2.090466e-01
1.005565e+03, 7.907831e-01, 1.759439e-04, 2.090410e-01
1.005634e+03, 7.907889e-01, 1.757144e-04, 2.090354e-01
1.005703e+03, 7.907947e-01, 1.754849e-04, 2.090298e-01
1.005771e+03, 7.908005e-01, 1.752555e-04, 2.090243e-01
1.005840e+03, 7.908063e-01, 1.750260e-04, 2.090187e-01
1.005909e+03, 7.908121e-01, 1.747966e-04, 2.090131e-01
1.005977e+03, 7.908178e-01, 1.745673e-04, 2.090076e-01
1.006046e+03, 7.908236e-01, 1.743379e-04, 2.090021e-01
1.006115e+03, 7.908293e-01, 1.741086e-04, 2.089966e-01
1.006184e+03, 7.908351e-01, 1.738793e-04, 2.089910e-01
1.006252e+03, 7.908408e-01, 1.736500e-04, 2.089855e-01
1.006321e+03, 7.908465e-01, 1.734207e-04, 2.089801e-01
1.006390e+03, 7.908522e-01, 1.731915e-04, 2.089746e-01
1.006458e+03, 7.908579e-01, 1.729623e-04, 2.089691e-01
1.006527e+03, 7.908636e-01, 1.727331e-04, 2.089636e-01
1.006596e+03, 7.908693e-01, 1.725039e-04, 2.089582e-01
1.006665e+03, 7.908750e-01, 1.722748e-04, 2.089527e-01
1.006733e+03, 7.908807e-01, 1.720457e-04, 2.089473e-01
1.006802e+03, 7.908863e-01, 1.718166e-04, 2.089418e-01
1.006871e+03, 7.908920e-01, 1.715875e-04, 2.089364e-01
1.006939e+03, 7.908976e-01, 1.713585e-04, 2.089310e-01
1.007008e+03, 7.909033e-01, 1.711295e-04, 2.089256e-01
1.007077e+03, 7.909089e-01, 1.709005e-04, 2.089202e-01
1.007146e+03, 7.909145e-01, 1.706715e-04, 2.089148e-01
1.007214e+03, 7.909201e-01, 1.704426e-04, 2.089095e-01
1.007283e+03, 7.909257e-01, 1.702136e-04, 2.089041e-01
1.007352e+03, 7.909313e-01, 1.699847e-04, 2.088987e-01
1.007420e+03, 7.909369e-01, 1.697559e-04, 2.088934e-01
1.007489e+03, 7.909424e-01, 1.695270e-04, 2.088880e-01
1.007558e+03, 7.909480e-01, 1.693132e-04, 2.088827e-01
1.007626e+03, 7.909536e-01, 1.691023e-04, 2.088773e-01
1.007695e+03, 7.909592e-01, 1.688914e-04, 2.088719e-01
1.007764e+03, 7.909647e-01, 1.686806e-04, 2.088666e-01
1.007833e+03, 7.909703e-01, 1.684698e-04, 2.088612e-01
1.007901e+03, 7.909758e-01, 1.682589e-04, 2.088559e-01
1.007970e+03, 7.909814e-01, 1.680482e-04, 2.088506e-01
1.008039e+03, 7.909869e-01, 1.678374e-04, 2.088453e-01
1.008107e+03, 7.909924e-01, 1.676266e-04, 2.088400e-01
1.008176e+03, 7.909979e-01, 1.674159e-04, 2.088347e-01
1.008245e+03, 7.910034e-01, 1.672052e-04, 2.088294e-01
1.008314e+03, 7.910089e-01, 1.669945e-04, 2.088241e-01
1.008382e+03, 7.910144e-01, 1.667839e-04, 2.088188e-01
1.008451e+03, 7.910199e-01, 1.665732e-04, 2.088135e-01
1.008520e+03, 7.910253e-01, 1.663626e-04, 2.088083e-01
1.008588e+03, 7.910308e-01, 1.661520e-04, 2.088030e-01
1.008657e+03, 7.910362e-01, 1.659414e-04, 2.087978e-01
1.008726e+03, 7.910417e-01, 1.657309e-04, 2.087926e-01
1.008794e+03, 7.910471e-01, 1.655204e-04, 2.087874e-01
1.008863e+03, 7.910525e-01, 1.653099e-04, 2.087822e-01
1.008932e+03, 7.910579e-01, 1.650994e-04, 2.087770e-01
1.009001e+03, 7.910634e-01, 1.648889e-04, 2.087718e-01
1.009069e+03, 7.910687e-01, 1.646785e-04, 2.087666e-01
1.009138e+03, 7.910741e-01, 1.644680e-04, 2.087614e-01
1.009207e+03, 7.910795e-01, 1.642576e-04, 2.087562e-01
1.009275e+03, 7.910849e-01, 1.640473e-04, 2.087511e-01
1.009344e+03, 7.910902e-01, 1.638369e-04, 2.087459e-01
1.009413e+03, 7.910956e-01, 1.636266e-04, 2.087408e-01
1.009482e+03, 7.911009e-01, 1.634163e-04, 2.087357e-01
1.009550e+03, 7.911063e-01, 1.632060e-04, 2.087305e-01
1.009619e+03, 7.911116e-01, 1.629957e-04, 2.087254e-01
1.009688e+03, 7.911169e-01, 1.627854e-04, 2.087203e-01
1.009756e+03, 7.911222e-01, 1.625752e-04, 2.087152e-01
1.009825e+03, 7.911275e-01, 1.623650e-04, 2.087101e-01
1.009894e+03, 7.911328e-01, 1.621548e-04, 2.087050e-01
1.009962e+03, 7.911381e-01, 1.619447e-04, 2.087000e-01
1.010031e+03, 7.911434e-01, 1.617425e-04, 2.086949e-01
1.010100e+03, 7.911487e-01, 1.615500e-04, 2.086898e-01
1.010169e+03, 7.911539e-01, 1.613576e-04, 2.086847e-01
1.010237e+03, 7.911592e-01, 1.611651e-04, 2.086796e-01
1.010306e+03, 7.911645e-01, 1.609727e-04, 2.086745e-01
1.010375e+03, 7.911697e-01, 1.607803e-04, 2.086695e-01
1.010443e+03, 7.911750e-01, 1.605879e-04, 2.086644e-01
1.010512e+03, 7.911802e-01, 1.603955e-04, 2.086594e-01
1.010581e+03, 7.911855e-01, 1.602032e-04, 2.086543e-01
1.010650e+03, 7.911907e-01, 1.600109e-04, 2.086493e-01
1.010718e+03, 7.911959e-01, 1.598186e-04, 2.086443e-01
1.010787e+03, 7.912011e-01, 1.596263e-04, 2.086393e-01
1.010856e+03, 7.912063e-01, 1.594340e-04, 2.086343e-01
1.010924e+03, 7.912115e-01, 1.592417e-04, 2.086293e-01
1.010993e+03, 7.912167e-01, 1.590495e-04, 2.086243e-01
1.011062e+03, 7.912218e-01, 1.588573e-04, 2.086193e-01
1.011131e+03, 7.912270e-01, 1.586651e-04, 2.086143e-01
1.011199e+03, 7.912321e-01, 1.584729e-04, 2.086094e-01
1.011268e+03, 7.912373e-01, 1.582808e-04, 2.086044e-01
1.011337e+03, 7.912424e-01, 1.580887e-04, 2.085995e-01
1.011405e+03, 7.912476e-01, 1.578965e-04, 2.085945e-01
1.011474e+03, 7.912527e-01, 1.577045e-04, 2.085896e-01
1.011543e+03, 7.912578e-01, 1.575124e-04, 2.085847e-01
1.011611e+03, 7.912629e-01, 1.573203e-04, 2.085798e-01
1.011680e+03, 7.912680e-01, 1.571283e-04, 2.085749e-01
1.011749e+03, 7.912731e-01, 1.569363e-04, 2.085700e-01
1.011818e+03, 7.912781e-01, 1.567443e-04, 2.085651e-01
1.011886e+03, 7.912832e-01, 1.565523e-04, 2.085602e-01
1.011955e+03, 7.912883e-01, 1.563603e-04, 2.085554e-01
1.012024e+03, 7.912933e-01, 1.561684e-04, 2.085505e-01
1.012092e+03, 7.912984e-01, 1.559765e-04, 2.085457e-01
1.012161e+03, 7.913034e-01, 1.557846e-04, 2.085408e-01
1.012230e+03, 7.913084e-01, 1.555927e-04, 2.085360e-01
1.012299e+03, 7.913134e-01, 1.554008e-04, 2.085312e-01
1.012367e+03, 7.913184e-01, 1.552090e-04, 2.085264e-01
1.012436e+03, 7.913234e-01, 1.550172e-04, 2.085215e-01
1.012505e+03, 7.913284e-01, 1.548265e-04, 2.085167e-01
1.012573e+03, 7.913334e-01, 1.546521e-04, 2.085119e-01
1.012642e+03, 7.913384e-01, 1.544777e-04, 2.085071e-01
1.012711e+03, 7.913434e-01, 1.543033e-04, 2.085023e-01
1.012779e+03, 7.913484e-01, 1.541290e-04, 2.084975e-01
1.012848e+03, 7.913534e-01, 1.539546e-04, 2.084927e-01
1.012917e+03, 7.913583e-01, 1.537803e-04, 2.084879e-01
1.012986e+03, 7.913633e-01, 1.536060e-04, 2.084831e-01
1.013054e+03, 7.913683e-01, 1.534317e-04, 2.084783e-01
1.013123e+03, 7.913732e-01, 1.532575e-04, 2.084735e-01
1.013192e+03, 7.913781e-01, 1.530832e-04, 2.084688e-01
1.013260e+03, 7.913831e-01, 1.529090e-04, 2.084640e-01
1.013329e+03, 7.913880e-01, 1.527347e-04, 2.084593e-01
1.013398e+03, 7.913929e-01, 1.525605e-04, 2.084546e-01
1.013467e+03, 7.913978e-01, 1.523864e-04, 2.084498e-01
1.013535e+03, 7.914027e-01, 1.522122e-04, 2.084451e-01
1.013604e+03, 7.914075e-01, 1.520381e-04, 2.084404e-01
1.013673e+03, 7.914124e-01, 1.518639e-04, 2.084357e-01
1.013741e+03, 7.914173e-01, 1.516898e-04, 2.084310e-01
1.013810e+03, 7.914221e-01, 1.515157e-04, 2.084263e-01
1.013879e+03, 7.914270e-01, 1.513416e-04, 2.084217e-01
1.013947e+03, 7.914318e-01, 1.511676e-04, 2.084170e-01
1.014016e+03, 7.914367e-01, 1.509935e-04, 2.084124e-01
1.014085e+03, 7.914415e-01, 1.508195e-04, 2.084077e-01
1.014154e+03, 7.914463e-01, 1.506455e-04, 2.084031e-01
1.014222e+03, 7.914511e-01, 1.504715e-04, 2.083984e-01
1.014291e+03, 7.914559e-01, 1.502975e-04, 2.083938e-01
1.014360e+03, 7.914607e-01, 1.501236e-04, 2.083892e-01
1.014428e+03, 7.914655e-01, 1.499496e-04, 2.083846e-01
1.014497e+03, 7.914702e-01, 1.497757e-04, 2.083800e-01
1.014566e+03, 7.914750e-01, 1.496018e-04, 2.083754e-01
1.014635e+03, 7.914797e-01, 1.494279e-04, 2.083708e-01
1.014703e+03, 7.914845e-01, 1.492540e-04, 2.083663e-01
1.014772e+03, 7.914892e-01, 1.490802e-04, 2.083617e-01
1.014841e+03, 7.914940e-01, 1.489063e-04, 2.083571e-01
1.014909e+03, 7.914987e-01, 1.487325e-04, 2.083526e-01
1.014978e+03, 7.915034e-01, 1.485587e-04, 2.083481e-01
1.015047e+03, 7.915081e-01, 1.483966e-04, 2.083435e-01
1.015116e+03, 7.915128e-01, 1.482399e-04, 2.083389e-01
1.015184e+03, 7.915176e-01, 1.480833e-04, 2.083344e-01
1.015253e+03, 7.915223e-01, 1.479267e-04, 2.083298e-01
1.015322e+03, 7.915270e-01, 1.477701e-04, 2.083253e-01
1.015390e+03, 7.915317e-01, 1.476135e-04, 2.083207e-01
1.015459e+03, 7.915363e-01, 1.474569e-04, 2.083162e-01
1.015528e+03, 7.915410e-01, 1.473004e-04, 2.083117e-01
1.015596e+03, 7.915457e-01, 1.471438e-04, 2.083072e-01
1.015665e+03, 7.915503e-01, 1.469873e-04, 2.083027e-01
1.015734e+03, 7.915550e-01, 1.468308e-04, 2.082982e-01
1.015803e+03, 7.915596e-01, 1.466743e-04, 2.082937e-01
1.015871e+03, 7.915643e-01, 1.465178e-04, 2.082892e-01
1.015940e+03, 7.915689e-01, 1.463613e-04, 2.082847e-01
1.016009e+03, 7.915735e-01, 1.462049e-04, 2.082803e-01
1.016077e+03, 7.915781e-01, 1.460485e-04, 2.082758e-01
1.016146e+03, 7.915827e-01, 1.458920e-04, 2.082714e-01
1.016215e+03, 7.915873e-01, 1.457356e-04, 2.082669e-01
1.016284e+03, 7.915919e-01, 1.455793e-04, 2.082625e-01
1.016352e+03, 7.915965e-01, 1.454229e-04, 2.082581e-01
1.016421e+03, 7.916010e-01, 1.452665e-04, 2.082537e-01
1.016490e+03, 7.916056e-01, 1.451102e-04, 2.082493e-01
1.016558e+03, 7.916102e-01, 1.449539e-04, 2.082449e-01
1.016627e+03, 7.916147e-01, 1.447976e-04, 2.082405e-01
1.016696e+03, 7.916192e-01, 1.446413e-04, 2.082361e-01
1.016764e+03, 7.916238e-01, 1.444850e-04, 2.082318e-01
1.016833e+03, 7.916283e-01, 1.443287e-04, 2.082274e-01
1.016902e+03, 7.916328e-01, 1.441725e-04, 2.082230e-01
1.016971e+03, 7.916373e-01, 1.440162e-04, 2.082187e-01
1.017039e+03, 7.916418e-01, 1.438600e-04, 2.082144e-01
1.017108e+03, 7.916463e-01, 1.437038e-04, 2.082100e-01
1.017177e+03, 7.916507e-01, 1.435476e-04, 2.082057e-01
1.017245e+03, 7.916552e-01, 1.433915e-04, 2.082014e-01
1.017314e+03, 7.916597e-01, 1.432353e-04, 2.081971e-01
1.017383e+03, 7.916641e-01, 1.430792e-04, 2.081928e-01
1.017452e+03, 7.916686e-01, 1.429230e-04, 2.081885e-01
1.017520e+03, 7.916730e-01, 1.427719e-04, 2.081842e-01
1.017589e+03, 7.916775e-01, 1.426327e-04, 2.081799e-01
1.017658e+03, 7.916819e-01, 1.424935e-04, 2.081756e-01
1.017726e+03, 7.916863e-01, 1.423543e-04, 2.081713e-01
1.017795e+03, 7.916908e-01, 1.422151e-04, 2.081670e-01
1.017864e+03, 7.916952e-01, 1.420759e-04, 2.081627e-01
1.017932e+03, 7.916996e-01, 1.419368e-04, 2.081585e-01
1.018001e+03, 7.917040e-01, 1.417976e-04, 2.081542e-01
1.018070e+03, 7.917084e-01, 1.416585e-04, 2.081499e-01
1.018139e+03, 7.917128e-01, 1.415194e-04, 2.081457e-01
1.018207e+03, 7.917172e-01, 1.413803e-04, 2.081414e-01
1.018276e+03, 7.917216e-01, 1.412412e-04, 2.081372e-01
1.018345e+03, 7.917259e-01, 1.411022e-04, 2.081330e-01
1.018413e+03, 7.917303e-01, 1.409631e-04, 2.081288e-01
1.018482e+03, 7.917346e-01, 1.408241e-04, 2.081246e-01
1.018551e+03, 7.917390e-01, 1.406850e-04, 2.081204e-01
1.018620e+03, 7.917433e-01, 1.405460e-04, 2.081162e-01
1.018688e+03, 7.917476e-01, 1.404070e-04, 2.081120e-01
1.018757e+03, 7.917519e-01, 1.402680e-04, 2.081078e-01
1.018826e+03, 7.917562e-01, 1.401291e-04, 2.081036e-01
1.018894e+03, 7.917605e-01, 1.399901e-04, 2.080995e-01
1.018963e+03, 7.917648e-01, 1.398512e-04, 2.080953e-01
1.019032e+03, 7.917691e-01, 1.397122e-04, 2.080912e-01
1.019101e+03, 7.917734e-01, 1.395733e-04, 2.080870e-01
1.019169e+03, 7.917777e-01, 1.394344e-04, 2.080829e-01
1.019238e+03, 7.917819e-01, 1.392955e-04, 2.080788e-01
1.019307e+03, 7.917862e-01, 1.391566e-04, 2.080747e-01
1.019375e+03, 7.917904e-01, 1.390178e-04, 2.080706e-01
1.019444e+03, 7.917946e-01, 1.388789e-04, 2.080665e-01
1.019513e+03, 7.917989e-01, 1.387401e-04, 2.080624e-01
1.019581e+03, 7.918031e-01, 1.386013e-04, 2.080583e-01
1.019650e+03, 7.918073e-01, 1.384624e-04, 2.080542e-01
1.019719e+03, 7.918115e-01, 1.383236e-04, 2.080502e-01
1.019788e+03, 7.918157e-01, 1.381849e-04, 2.080461e-01
1.019856e+03, 7.918199e-01, 1.380461e-04, 2.080421e-01
1.019925e+03, 7.918240e-01, 1.379073e-04, 2.080380e-01
1.019994e+03, 7.918282e-01, 1.377686e-04, 2.080340e-01
1.020062e+03, 7.918324e-01, 1.376450e-04, 2.080299e-01
1.020131e+03, 7.918366e-01, 1.375229e-04, 2.080259e-01
1.020200e+03, 7.918408e-01, 1.374008e-04, 2.080218e-01
1.020269e+03, 7.918449e-01, 1.372787e-04, 2.080178e-01
1.020337e+03, 7.918491e-01, 1.371567e-04, 2.080138e-01
1.020406e+03, 7.918532e-01, 1.370347e-04, 2.080097e-01
1.020475e+03, 7.918574e-01, 1.369126e-04, 2.080057e-01
1.020543e+03, 7.918615e-01, 1.367906e-04, 2.080017e-01
1.020612e+03, 7.918656e-01, 1.366686e-04, 2.079977e-01
1.020681e+03, 7.918698e-01, 1.365466e-04, 2.079937e-01
1.020749e+03, 7.918739e-01, 1.364247e-04, 2.079897e-01
1.020818e+03, 7.918780e-01, 1.363027e-04, 2.079857e-01
1.020887e+03, 7.918821e-01, 1.361807e-04, 2.079817e-01
1.020956e+03, 7.918862e-01, 1.360588e-04, 2.079778e-01
1.021024e+03, 7.918902e-01, 1.359369e-04, 2.079738e-01
1.021093e+03, 7.918943e-01, 1.358150e-04, 2.079699e-01
1.021162e+03, 7.918984e-01, 1.356931e-04, 2.079659e-01
1.021230e+03, 7.919024e-01, 1.355712e-04, 2.079620e-01
1.021299e+03, 7.919065e-01, 1.354493e-04, 2.079581e-01
1.021368e+03, 7.919105e-01, 1.353274e-04, 2.079542e-01
1.021437e+03, 7.919145e-01, 1.352056e-04, 2.079503e-01
1.021505e+03, 7.919186e-01, 1.350837e-04, 2.079464e-01
1.021574e+03, 7.919226e-01, 1.349619e-04, 2.079425e-01
1.021643e+03, 7.919266e-01, 1.348401e-04, 2.079386e-01
1.021711e+03, 7.919306e-01, 1.347183e-04, 2.079347e-01
1.021780e+03, 7.919346e-01, 1.345965e-04, 2.079308e-01
1.021849e+03, 7.919386e-01, 1.344747e-04, 2.079270e-01
1.021917e+03, 7.919425e-01, 1.343529e-04, 2.079231e-01
1.021986e+03, 7.919465e-01, 1.342312e-04, 2.079193e-01
1.022055e+03, 7.919505e-01, 1.341094e-04, 2.079154e-01
1.022124e+03, 7.919544e-01, 1.339877e-04, 2.079116e-01
1.022192e+03, 7.919584e-01, 1.338660e-04, 2.079078e-01
1.022261e+03, 7.919623e-01, 1.337443e-04, 2.079040e-01
1.022330e+03, 7.919662e-01, 1.336226e-04, 2.079002e-01
1.022398e+03, 7.919701e-01, 1.335009e-04, 2.078964e-01
1.022467e+03, 7.919740e-01, 1.333792e-04, 2.078926e-01
1.022536e+03, 7.919780e-01, 1.332661e-04, 2.078888e-01
1.022605e+03, 7.919819e-01, 1.331608e-04, 2.078849e-01
1.022673e+03, 7.919858e-01, 1.330556e-04, 2.078811e-01
1.022742e+03, 7.919897e-01, 1.329504e-04, 2.078773e-01
1.022811e+03, 7.919936e-01, 1.328451e-04, 2.078735e-01
1.022879e+03, 7.919975e-01, 1.327399e-04, 2.078697e-01
1.022948e+03, 7.920014e-01, 1.326347e-04, 2.078660e-01
1.023017e+03, 7.920053e-01, 1.325295e-04, 2.078622e-01
1.023086e+03, 7.920092e-01, 1.324243e-04, 2.078584e-01
1.023154e+03, 7.920130e-01, 1.323192e-04, 2.078547e-01
1.023223e+03, 7.920169e-01, 1.322140e-04, 2.078509e-01
1.023292e+03, 7.920207e-01, 1.321089e-04, 2.078472e-01
1.023360e+03, 7.920246e-01, 1.320037e-04, 2.078434e-01
1.023429e+03, 7.920284e-01, 1.318986e-04, 2.078397e-01
1.023498e+03, 7.920322e-01, 1.317935e-04, 2.078360e-01
1.023566e+03, 7.920360e-01, 1.316884e-04, 2.078323e-01
1.023635e+03, 7.920398e-01, 1.315833e-04, 2.078286e-01
1.023704e+03, 7.920436e-01, 1.314782e-04, 2.078249e-01
1.023773e+03, 7.920474e-01, 1.313731e-04, 2.078212e-01
1.023841e+03, 7.920512e-01, 1.312681e-04, 2.078175e-01
1.023910e+03, 7.920550e-01, 1.311630e-04, 2.078138e-01
1.023979e+03, 7.920588e-01, 1.310580e-04, 2.078102e-01
1.024047e+03, 7.920625e-01, 1.309529e-04, 2.078065e-01
1.024116e+03, 7.920663e-01, 1.308479e-04, 2.078029e-01
1.024185e+03, 7.920700e-01, 1.307429e-04, 2.077992e-01
1.024254e+03, 7.920738e-01, 1.306379e-04, 2.077956e-01
1.024322e+03, 7.920775e-01, 1.305329e-04, 2.077920e-01
1.024391e+03, 7.920812e-01, 1.304279e-04, 2.077884e-01
1.024460e+03, 7.920849e-01, 1.303230e-04, 2.077847e-01
1.024528e+03, 7.920886e-01, 1.302180e-04, 2.077811e-01
1.024597e+03, 7.920923e-01, 1.301131e-04, 2.077776e-01
1.024666e+03, 7.920960e-01, 1.300081e-04, 2.077740e-01
1.024734e+03, 7.920997e-01, 1.299032e-04, 2.077704e-01
1.024803e+03, 7.921034e-01, 1.297983e-04, 2.077668e-01
1.024872e+03, 7.921071e-01, 1.296934e-04, 2.077633e-01
1.024941e+03, 7.921107e-01, 1.295885e-04, 2.077597e-01
1.025009e+03, 7.921144e-01, 1.294858e-04, 2.077561e-01
1.025078e+03, 7.921180e-01, 1.293971e-04, 2.077526e-01
1.025147e+03, 7.921217e-01, 1.293084e-04, 2.077490e-01
1.025215e+03, 7.921254e-01, 1.292197e-04, 2.077454e-01
1.025284e+03, 7.921290e-01, 1.291310e-04, 2.077419e-01
1.025353e+03, 7.921326e-01, 1.290424e-04, 2.077383e-01
1.025422e+03, 7.921363e-01, 1.289537e-04, 2.077348e-01
1.025490e+03, 7.921399e-01, 1.288650e-04, 2.077312e-01
1.025559e+03, 7.921435e-01, 1.287764e-04, 2.077277e-01
1.025628e+03, 7.921471e-01, 1.286878e-04, 2.077242e-01
1.025696e+03, 7.921507e-01, 1.285991e-04, 2.077207e-01
1.025765e+03, 7.921543e-01, 1.285105e-04, 2.077172e-01
1.025834e+03, 7.921579e-01, 1.284219e-04, 2.077137e-01
1.025902e+03, 7.921615e-01, 1.283333e-04, 2.077102e-01
1.025971e+03, 7.921651e-01, 1.282447e-04, 2.077067e-01
1.026040e+03, 7.921686e-01, 1.281562e-04, 2.077032e-01
1.026109e+03, 7.921722e-01, 1.280676e-04, 2.076997e-01
1.026177e+03, 7.921757e-01, 1.279790e-04, 2.076963e-01
1.026246e+03, 7.921793e-01, 1.278905e-04, 2.076928e-01
1.026315e+03, 7.921828e-01, 1.278020e-04, 2.076894e-01
1.026383e+03, 7.921863e-01, 1.277134e-04, 2.076860e-01
1.026452e+03, 7.921898e-01, 1.276249e-04, 2.076825e-01
1.026521e+03, 7.921934e-01, 1.275364e-04, 2.076791e-01
1.026590e+03, 7.921969e-01, 1.274479e-04, 2.076757e-01
1.026658e+03, 7.922004e-01, 1.273594e-04, 2.076723e-01
1.026727e+03, 7.922038e-01, 1.272709e-04, 2.076689e-01
1.026796e+03, 7.922073e-01, 1.271825e-04, 2.076655e-01
1.026864e+03, 7.922108e-01, 1.270940e-04, 2.076621e-01
1.026933e+03, 7.922143e-01, 1.270055e-04, 2.076587e-01
1.027002e+03, 7.922177e-01, 1.269171e-04, 2.076554e-01
1.027071e+03, 7.922212e-01, 1.268287e-04, 2.076520e-01
1.027139e+03, 7.922246e-01, 1.267402e-04, 2.076487e-01
1.027208e+03, 7.922280e-01, 1.266518e-04, 2.076453e-01
1.027277e+03, 7.922315e-01, 1.265634e-04, 2.076420e-01
1.027345e+03, 7.922349e-01, 1.264750e-04, 2.076386e-01
1.027414e+03, 7.922383e-01, 1.263866e-04, 2.076353e-01
1.027483e+03, 7.922417e-01, 1.262983e-04, 2.076320e-01
1.027551e+03, 7.922451e-01, 1.262218e-04, 2.076287e-01
1.027620e+03, 7.922485e-01, 1.261494e-04, 2.076253e-01
1.027689e+03, 7.922519e-01, 1.260770e-04, 2.076220e-01
1.027758e+03, 7.922553e-01, 1.260046e-04, 2.076186e-01
1.027826e+03, 7.922587e-01, 1.259322e-04, 2.076153e-01
1.027895e+03, 7.922621e-01, 1.258598e-04, 2.076120e-01
1.027964e+03, 7.922655e-01, 1.257874e-04, 2.076087e-01
1.028032e+03, 7.922689e-01, 1.257150e-04, 2.076054e-01
1.028101e+03, 7.922723e-01, 1.256427e-04, 2.076021e-01
1.028170e+03, 7.922756e-01, 1.255703e-04, 2.075988e-01
1.028239e+03, 7.922790e-01, 1.254979e-04, 2.075955e-01
1.028307e+03, 7.922823e-01, 1.254256e-04, 2.075923e-01
1.028376e+03, 7.922856e-01, 1.253533e-04, 2.075890e-01
1.028445e+03, 7.922890e-01, 1.252809e-04, 2.075857e-01
1.028513e+03, 7.922923e-01, 1.252086e-04, 2.075825e-01
1.028582e+03, 7.922956e-01, 1.251363e-04, 2.075793e-01
1.028651e+03, 7.922989e-01, 1.250640e-04, 2.075760e-01
1.028719e+03, 7.923022e-01, 1.249917e-04, 2.075728e-01
1.028788e+03, 7.923055e-01, 1.249195e-04, 2.075696e-01
1.028857e+03, 7.923088e-01, 1.248472e-04, 2.075664e-01
1.028926e+03, 7.923121e-01, 1.247749e-04, 2.075632e-01
1.028994e+03, 7.923153e-01, 1.247027e-04, 2.075600e-01
1.029063e+03, 7.923186e-01, 1.246304e-04, 2.075568e-01
1.029132e+03, 7.923218e-01, 1.245582e-04, 2.075536e-01
1.029200e+03, 7.923251e-01, 1.244859e-04, 2.075504e-01
1.029269e+03, 7.923283e-01, 1.244137e-04, 2.075473e-01
1.029338e+03, 7.923316e-01, 1.243415e-04, 2.075441e-01
1.029407e+03, 7.923348e-01, 1.242693e-04, 2.075410e-01
1.029475e+03, 7.923380e-01, 1.241971e-04, 2.075378e-01
1.029544e+03, 7.923412e-01, 1.241249e-04, 2.075347e-01
1.029613e+03, 7.923444e-01, 1.240527e-04, 2.075315e-01
1.029681e+03, 7.923476e-01, 1.239805e-04, 2.075284e-01
1.029750e+03, 7.923508e-01, 1.239084e-04, 2.075253e-01
1.029819e+03, 7.923540e-01, 1.238362e-04, 2.075222e-01
1.029887e+03, 7.923571e-01, 1.237641e-04, 2.075191e-01
1.029956e+03, 7.923603e-01, 1.236919e-04, 2.075160e-01
1.030025e+03, 7.923635e-01, 1.236255e-04, 2.075129e-01
1.030094e+03, 7.923666e-01, 1.235691e-04, 2.075098e-01
1.030162e+03, 7.923698e-01, 1.235127e-04, 2.075067e-01
1.030231e+03, 7.923730e-01, 1.234563e-04, 2.075036e-01
1.030300e+03, 7.923761e-01, 1.233999e-04, 2.075005e-01
1.030368e+03, 7.923793e-01, 1.233435e-04, 2.074974e-01
1.030437e+03, 7.923824e-01, 1.232871e-04, 2.074943e-01
1.030506e+03, 7.923855e-01, 1.232307e-04, 2.074912e-01
1.030575e+03, 7.923887e-01, 1.231744e-04, 2.074882e-01
1.030643e+03, 7.923918e-01, 1.231180e-04, 2.074851e-01
1.030712e+03, 7.923949e-01, 1.230617e-04, 2.074820e-01
1.030781e+03, 7.923980e-01, 1.230054e-04, 2.074790e-01
1.030849e+03, 7.924011e-01, 1.229490e-04, 2.074760e-01
1.030918e+03, 7.924042e-01, 1.228927e-04, 2.074729e-01
1.030987e+03, 7.924073e-01, 1.228364e-04, 2.074699e-01
1.031056e+03, 7.924103e-01, 1.227801e-04, 2.074669e-01
1.031124e+03, 7.924134e-01, 1.227238e-04, 2.074639e-01
1.031193e+03, 7.924165e-01, 1.226675e-04, 2.074609e-01
1.031262e+03, 7.924195e-01, 1.226112e-04, 2.074579e-01
1.031330e+03, 7.924225e-01, 1.225549e-04, 2.074549e-01
1.031399e+03, 7.924256e-01, 1.224986e-04, 2.074519e-01
1.031468e+03, 7.924286e-01, 1.224424e-04, 2.074489e-01
1.031536e+03, 7.924316e-01, 1.223861e-04, 2.074460e-01
1.031605e+03, 7.924346e-01, 1.223299e-04, 2.074430e-01
1.031674e+03, 7.924376e-01, 1.222736e-04, 2.074401e-01
1.031743e+03, 7.924406e-01, 1.222174e-04, 2.074371e-01
1.031811e+03, 7.924436e-01, 1.221612e-04, 2.074342e-01
1.031880e+03, 7.924466e-01, 1.221050e-04, 2.074313e-01
1.031949e+03, 7.924496e-01, 1.220487e-04, 2.074284e-01
1.032017e+03, 7.924526e-01, 1.219925e-04, 2.074254e-01
1.032086e+03, 7.924555e-01, 1.219363e-04, 2.074225e-01
1.032155e+03, 7.924585e-01, 1.218801e-04, 2.074196e-01
1.032224e+03, 7.924614e-01, 1.218240e-04, 2.074167e-01
1.032292e+03, 7.924644e-01, 1.217678e-04, 2.074139e-01
1.032361e+03, 7.924673e-01, 1.217116e-04, 2.074110e-01
1.032430e+03, 7.924702e-01, 1.216555e-04, 2.074081e-01
1.032498e+03, 7.924731e-01, 1.215993e-04, 2.074053e-01
1.032567e+03, 7.924761e-01, 1.215583e-04, 2.074024e-01
1.032636e+03, 7.924790e-01, 1.215176e-04, 2.073995e-01
1.032704e+03, 7.924820e-01, 1.214770e-04, 2.073966e-01
1.032773e+03, 7.924849e-01, 1.214364e-04, 2.073937e-01
1.032842e+03, 7.924878e-01, 1.213957e-04, 2.073908e-01
1.032911e+03, 7.924907e-01, 1.213551e-04, 2.073880e-01
1.032979e+03, 7.924936e-01, 1.213145e-04, 2.073851e-01
1.033048e+03, 7.924965e-01, 1.212739e-04, 2.073823e-01
1.033117e+03, 7.924994e-01, 1.212333e-04, 2.073794e-01
1.033185e+03, 7.925022e-01, 1.211927e-04, 2.073766e-01
1.033254e+03, 7.925051e-01, 1.211521e-04, 2.073737e-01
1.033323e+03, 7.925080e-01, 1.211115e-04, 2.073709e-01
1.033392e+03, 7.925108e-01, 1.210709e-04, 2.073681e-01
1.033460e+03, 7.925137e-01, 1.210304e-04, 2.073653e-01
1.033529e+03, 7.925165e-01, 1.209898e-04, 2.073625e-01
1.033598e+03, 7.925193e-01, 1.209493e-04, 2.073597e-01
1.033666e+03, 7.925222e-01, 1.209087e-04, 2.073569e-01
1.033735e+03, 7.925250e-01, 1.208682e-04, 2.073542e-01
1.033804e+03, 7.925278e-01, 1.208276e-04, 2.073514e-01
1.033872e+03, 7.925306e-01, 1.207871e-04, 2.073486e-01
1.033941e+03, 7.925334e-01, 1.207466e-04, 2.073459e-01
1.034010e+03, 7.925362e-01, 1.207061e-04, 2.073431e-01
1.034079e+03, 7.925390e-01, 1.206656e-04, 2.073404e-01
1.034147e+03, 7.925417e-01, 1.206251e-04, 2.073376e-01
1.034216e+03, 7.925445e-01, 1.205846e-04, 2.073349e-01
1.034285e+03, 7.925473e-01, 1.205441e-04, 2.073322e-01
1.034353e+03, 7.925500e-01, 1.205036e-04, 2.073295e-01
1.034422e+03, 7.925528e-01, 1.204631e-04, 2.073268e-01
1.034491e+03, 7.925555e-01, 1.204226e-04, 2.073241e-01
1.034560e+03, 7.925582e-01, 1.203822e-04, 2.073214e-01
1.034628e+03, 7.925609e-01, 1.203417e-04, 2.073187e-01
1.034697e+03, 7.925637e-01, 1.203013e-04, 2.073160e-01
1.034766e+03, 7.925664e-01, 1.202608e-04, 2.073134e-01
1.034834e+03, 7.925691e-01, 1.202204e-04, 2.073107e-01
1.034903e+03, 7.925718e-01, 1.201799e-04, 2.073080e-01
1.034972e+03, 7.925745e-01, 1.201395e-04, 2.073054e-01
1.035041e+03, 7.925772e-01, 1.201059e-04, 2.073027e-01
1.035109e+03, 7.925799e-01, 1.200770e-04, 2.073001e-01
1.035178e+03, 7.925826e-01, 1.200481e-04, 2.072974e-01
1.035247e+03, 7.925853e-01, 1.200192e-04, 2.072947e-01
1.035315e+03, 7.925879e-01, 1.199903e-04, 2.072921e-01
1.035384e+03, 7.925906e-01, 1.199614e-04, 2.072894e-01
1.035453e+03, 7.925933e-01, 1.199325e-04, 2.072868e-01
1.035521e+03, 7.925960e-01, 1.199037e-04, 2.072841e-01
1.035590e+03, 7.925986e-01, 1.198748e-04, 2.072815e-01
1.035659e+03, 7.926013e-01, 1.198459e-04, 2.072789e-01
1.035728e+03, 7.926039e-01, 1.198171e-04, 2.072763e-01
1.035796e+03, 7.926065e-01, 1.197883e-04, 2.072737e-01
1.035865e+03, 7.926092e-01, 1.197594e-04, 2.072711e-01
1.035934e+03, 7.926118e-01, 1.197306e-04, 2.072685e-01
1.036002e+03, 7.926144e-01, 1.197017e-04, 2.072659e-01
1.036071e+03, 7.926170e-01, 1.196729e-04, 2.072633e-01
1.036140e+03, 7.926196e-01, 1.196441e-04, 2.072607e-01
1.036209e+03, 7.926222e-01, 1.196153e-04, 2.072582e-01
1.036277e+03, 7.926248e-01, 1.195865e-04, 2.072556e-01
1.036346e+03, 7.926274e-01, 1.195577e-04, 2.072531e-01
1.036415e+03, 7.926300e-01, 1.195289e-04, 2.072505e-01
1.036483e+03, 7.926325e-01, 1.195001e-04, 2.072480e-01
1.036552e+03, 7.926351e-01, 1.194713e-04, 2.072455e-01
1.036621e+03, 7.926376e-01, 1.194426e-04, 2.072429e-01
1.036689e+03, 7.926402e-01, 1.194138e-04, 2.072404e-01
1.036758e+03, 7.926427e-01, 1.193850e-04, 2.072379e-01
1.036827e+03, 7.926452e-01, 1.193563e-04, 2.072354e-01
1.036896e+03, 7.926478e-01, 1.193275e-04, 2.072329e-01
1.036964e+03, 7.926503e-01, 1.192988e-04, 2.072304e-01
1.037033e+03, 7.926528e-01, 1.192700e-04, 2.072280e-01
1.037102e+03, 7.926553e-01, 1.192413e-04, 2.072255e-01
1.037170e+03, 7.926578e-01, 1.192126e-04, 2.072230e-01
1.037239e+03, 7.926603e-01, 1.191838e-04, 2.072206e-01
1.037308e+03, 7.926627e-01, 1.191551e-04, 2.072181e-01
1.037377e+03, 7.926652e-01, 1.191264e-04, 2.072157e-01
1.037445e+03, 7.926677e-01, 1.190977e-04, 2.072132e-01
1.037514e+03, 7.926701e-01, 1.190692e-04, 2.072108e-01
1.037583e+03, 7.926726e-01, 1.190415e-04, 2.072083e-01
1.037651e+03, 7.926751e-01, 1.190138e-04, 2.072059e-01
1.037720e+03, 7.926776e-01, 1.189861e-04, 2.072034e-01
1.037789e+03, 7.926801e-01, 1.189584e-04, 2.072010e-01
1.037857e+03, 7.926825e-01, 1.189307e-04, 2.071985e-01
1.037926e+03, 7.926850e-01, 1.189030e-04, 2.071961e-01
1.037995e+03, 7.926875e-01, 1.188753e-04, 2.071937e-01
1.038064e+03, 7.926899e-01, 1.188476e-04, 2.071912e-01
1.038132e+03, 7.926923e-01, 1.188200e-04, 2.071888e-01
1.038201e+03, 7.926948e-01, 1.187923e-04, 2.071864e-01
1.038270e+03, 7.926972e-01, 1.187647e-04, 2.071840e-01
1.038338e+03, 7.926996e-01, 1.187370e-04, 2.071816e-01
1.038407e+03, 7.927020e-01, 1.187094e-04, 2.071793e-01
1.038476e+03, 7.927044e-01, 1.186817e-04, 2.071769e-01
1.038545e+03, 7.927068e-01, 1.186541e-04, 2.071745e-01
1.038613e+03, 7.927092e-01, 1.186265e-04, 2.071722e-01
1.038682e+03, 7.927116e-01, 1.185988e-04, 2.071698e-01
1.038751e+03, 7.927140e-01, 1.185712e-04, 2.071675e-01
1.038819e+03, 7.927163e-01, 1.185436e-04, 2.071651e-01
1.038888e+03, 7.927187e-01, 1.185160e-04, 2.071628e-01
1.038957e+03, 7.927211e-01, 1.184884e-04, 2.071605e-01
1.039026e+03, 7.927234e-01, 1.184608e-04, 2.071581e-01
1.039094e+03, 7.927257e-01, 1.184332e-04, 2.071558e-01
1.039163e+03, 7.927281e-01, 1.184056e-04, 2.071535e-01
1.039232e+03, 7.927304e-01, 1.183780e-04, 2.071512e-01
1.039300e+03, 7.927327e-01, 1.183505e-04, 2.071489e-01
1.039369e+03, 7.927350e-01, 1.183229e-04, 2.071466e-01
1.039438e+03, 7.927373e-01, 1.182953e-04, 2.071444e-01
1.039506e+03, 7.927396e-01, 1.182678e-04, 2.071421e-01
1.039575e+03, 7.927419e-01, 1.182402e-04, 2.071398e-01
1.039644e+03, 7.927442e-01, 1.182127e-04, 2.071376e-01
1.039713e+03, 7.927465e-01, 1.181852e-04, 2.071353e-01
1.039781e+03, 7.927488e-01, 1.181576e-04, 2.071331e-01
1.039850e+03, 7.927510e-01, 1.181301e-04, 2.071308e-01
1.039919e+03, 7.927533e-01, 1.181026e-04, 2.071286e-01
1.039987e+03, 7.927555e-01, 1.180751e-04, 2.071264e-01
1.040056e+03, 7.927578e-01, 1.180478e-04, 2.071241e-01
1.040125e+03, 7.927601e-01, 1.180207e-04, 2.071219e-01
1.040194e+03, 7.927624e-01, 1.179936e-04, 2.071196e-01
1.040262e+03, 7.927646e-01, 1.179664e-04, 2.071174e-01
1.040331e+03, 7.927669e-01, 1.179393e-04, 2.071152e-01
1.040400e+03, 7.927691e-01, 1.179122e-04, 2.071130e-01
1.040468e+03, 7.927714e-01, 1.178851e-04, 2.071107e-01
1.040537e+03, 7.927736e-01, 1.178580e-04, 2.071085e-01
1.040606e+03, 7.927758e-01, 1.178309e-04, 2.071063e-01
1.040674e+03, 7.927781e-01, 1.178038e-04, 2.071041e-01
1.040743e+03, 7.927803e-01, 1.177767e-04, 2.071020e-01
1.040812e+03, 7.927825e-01, 1.177496e-04, 2.070998e-01
1.040881e+03, 7.927847e-01, 1.177225e-04, 2.070976e-01
1.040949e+03, 7.927869e-01, 1.176955e-04, 2.070954e-01
1.041018e+03, 7.927891e-01, 1.176684e-04, 2.070933e-01
1.041087e+03, 7.927912e-01, 1.176413e-04, 2.070911e-01
1.041155e+03, 7.927934e-01, 1.176143e-04, 2.070890e-01
1.041224e+03, 7.927956e-01, 1.175872e-04, 2.070868e-01
1.041293e+03, 7.927977e-01, 1.175602e-04, 2.070847e-01
1.041362e+03, 7.927999e-01, 1.175331e-04, 2.070826e-01
1.041430e+03, 7.928020e-01, 1.175061e-04, 2.070805e-01
1.041499e+03, 7.928042e-01, 1.174791e-04, 2.070783e-01
1.041568e+03, 7.928063e-01, 1.174520e-04, 2.070762e-01
1.041636e+03, 7.928084e-01, 1.174250e-04, 2.070741e-01
1.041705e+03, 7.928105e-01, 1.173980e-04, 2.070721e-01
1.041774e+03, 7.928127e-01, 1.173710e-04, 2.070700e-01
1.041842e+03, 7.928148e-01, 1.173440e-04, 2.070679e-01
1.041911e+03, 7.928169e-01, 1.173170e-04, 2.070658e-01
1.041980e+03, 7.928190e-01, 1.172900e-04, 2.070638e-01
1.042049e+03, 7.928210e-01, 1.172630e-04, 2.070617e-01
1.042117e+03, 7.928231e-01, 1.172360e-04, 2.070597e-01
1.042186e+03, 7.928252e-01, 1.172091e-04, 2.070576e-01
1.042255e+03, 7.928272e-01, 1.171821e-04, 2.070556e-01
1.042323e+03, 7.928293e-01, 1.171551e-04, 2.070535e-01
1.042392e+03, 7.928314e-01, 1.171282e-04, 2.070515e-01
1.042461e+03, 7.928334e-01, 1.171012e-04, 2.070495e-01
1.042530e+03, 7.928355e-01, 1.170744e-04, 2.070475e-01
1.042598e+03, 7.928375e-01, 1.170478e-04, 2.070454e-01
1.042667e+03, 7.928396e-01, 1.170213e-04, 2.070434e-01
1.042736e+03, 7.928416e-01, 1.169947e-04, 2.070414e-01
1.042804e+03, 7.928437e-01, 1.169681e-04, 2.070393e-01
1.042873e+03, 7.928457e-01, 1.169415e-04, 2.070373e-01
1.042942e+03, 7.928478e-01, 1.169150e-04, 2.070353e-01
1.043011e+03, 7.928498e-01, 1.168884e-04, 2.070333e-01
1.043079e+03, 7.928518e-01, 1.168619e-04, 2.070313e-01
1.043148e+03, 7.928539e-01, 1.168353e-04, 2.070293e-01
1.043217e+03, 7.928559e-01, 1.168088e-04, 2.070273e-01
1.043285e+03, 7.928579e-01, 1.167823e-04, 2.070253e-01
1.043354e+03, 7.928599e-01, 1.167557e-04, 2.070234e-01
1.043423e+03, 7.928619e-01, 1.167292e-04, 2.070214e-01
1.043491e+03, 7.928638e-01, 1.167027e-04, 2.070195e-01
1.043560e+03, 7.928658e-01, 1.166762e-04, 2.070175e-01
1.043629e+03, 7.928678e-01, 1.166497e-04, 2.070156e-01
1.043698e+03, 7.928698e-01, 1.166232e-04, 2.070136e-01
1.043766e+03, 7.928717e-01, 1.165967e-04, 2.070117e-01
1.043835e+03, 7.928737e-01, 1.165702e-04, 2.070098e-01
1.043904e+03, 7.928756e-01, 1.165437e-04, 2.070078e-01
1.043972e+03, 7.928775e-01, 1.165172e-04, 2.070059e-01
1.044041e+03, 7.928795e-01, 1.164907e-04, 2.070040e-01
1.044110e+03, 7.928814e-01, 1.164643e-04, 2.070021e-01
1.044179e+03, 7.928833e-01, 1.164378e-04, 2.070002e-01
1.044247e+03, 7.928852e-01, 1.164113e-04, 2.069984e-01
1.044316e+03, 7.928871e-01, 1.163849e-04, 2.069965e-01
1.044385e+03, 7.928890e-01, 1.163584e-04, 2.069946e-01
1.044453e+03, 7.928909e-01, 1.163320e-04, 2.069928e-01
1.044522e+03, 7.928928e-01, 1.163055e-04, 2.069909e-01
1.044591e+03, 7.928947e-01, 1.162791e-04, 2.069890e-01
1.044659e+03, 7.928965e-01, 1.162527e-04, 2.069872e-01
1.044728e+03, 7.928984e-01, 1.162263e-04, 2.069854e-01
1.044797e+03, 7.929003e-01, 1.161998e-04, 2.069835e-01
1.044866e+03, 7.929021e-01, 1.161734e-04, 2.069817e-01
1.044934e+03, 7.929040e-01, 1.161470e-04, 2.069799e-01
1.045003e+03, 7.929058e-01, 1.161206e-04, 2.069781e-01
1.045072e+03, 7.929077e-01, 1.160946e-04, 2.069762e-01
1.045140e+03, 7.929095e-01, 1.160685e-04, 2.069744e-01
1.045209e+03, 7.929114e-01, 1.160425e-04, 2.069726e-01
1.045278e+03, 7.929132e-01, 1.160165e-04, 2.069708e-01
1.045347e+03, 7.929151e-01, 1.159904e-04, 2.069689e-01
1.045415e+03, 7.929169e-01, 1.159644e-04, 2.069671e-01
1.045484e+03, 7.929187e-01, 1.159384e-04, 2.069653e-01
1.045553e+03, 7.929206e-01, 1.159124e-04, 2.069635e-01
1.045621e+03, 7.929224e-01, 1.158864e-04, 2.069617e-01
1.045690e+03, 7.929242e-01, 1.158604e-04, 2.069600e-01
1.045759e+03, 7.929260e-01, 1.158344e-04, 2.069582e-01
1.045827e+03, 7.929278e-01, 1.158084e-04, 2.069564e-01
1.045896e+03, 7.929296e-01, 1.157824e-04, 2.069547e-01
1.045965e+03, 7.929313e-01, 1.157564e-04, 2.069529e-01
1.046034e+03, 7.929331e-01, 1.157304e-04, 2.069511e-01
1.046102e+03, 7.929349e-01, 1.157045e-04, 2.069494e-01
1.046171e+03, 7.929367e-01, 1.156785e-04, 2.069477e-01
1.046240e+03, 7.929384e-01, 1.156525e-04, 2.069459e-01
1.046308e+03, 7.929402e-01, 1.156266e-04, 2.069442e-01
1.046377e+03, 7.929419e-01, 1.156006e-04, 2.069425e-01
1.046446e+03, 7.929436e-01, 1.155747e-04, 2.069408e-01
1.046515e+03, 7.929454e-01, 1.155487e-04, 2.069391e-01
1.046583e+03, 7.929471e-01, 1.155228e-04, 2.069374e-01
1.046652e+03, 7.929488e-01, 1.154969e-04, 2.069357e-01
1.046721e+03, 7.929505e-01, 1.154709e-04, 2.069340e-01
1.046789e+03, 7.929522e-01, 1.154450e-04, 2.069323e-01
1.046858e+03, 7.929539e-01, 1.154191e-04, 2.069307e-01
1.046927e+03, 7.929556e-01, 1.153932e-04, 2.069290e-01
1.046995e+03, 7.929573e-01, 1.153673e-04, 2.069273e-01
1.047064e+03, 7.929590e-01, 1.153414e-04, 2.069257e-01
1.047133e+03, 7.929606e-01, 1.153155e-04, 2.069240e-01
1.047202e+03, 7.929623e-01, 1.152896e-04, 2.069224e-01
1.047270e+03, 7.929640e-01, 1.152637e-04, 2.069208e-01
1.047339e+03, 7.929656e-01, 1.152378e-04, 2.069192e-01
1.047408e+03, 7.929672e-01, 1.152119e-04, 2.069175e-01
1.047476e+03, 7.929689e-01, 1.151861e-04, 2.069159e-01
1.047545e+03, 7.929705e-01, 1.151604e-04, 2.069143e-01
1.047614e+03, 7.929722e-01, 1.151349e-04, 2.069127e-01
1.047683e+03, 7.929739e-01, 1.151094e-04, 2.069110e-01
1.047751e+03, 7.929755e-01, 1.150839e-04, 2.069094e-01
1.047820e+03, 7.929772e-01, 1.150584e-04, 2.069078e-01
1.047889e+03, 7.929788e-01, 1.150329e-04, 2.069062e-01
1.047957e+03, 7.929804e-01, 1.150074e-04, 2.069046e-01
1.048026e+03, 7.929820e-01, 1.149819e-04, 2.069030e-01
1.048095e+03, 7.929837e-01, 1.149564e-04, 2.069014e-01
1.048164e+03, 7.929853e-01, 1.149309e-04, 2.068998e-01
1.048232e+03, 7.929869e-01, 1.149054e-04, 2.068982e-01
1.048301e+03, 7.929885e-01, 1.148800e-04, 2.068966e-01
1.048370e+03, 7.929901e-01, 1.148545e-04, 2.068951e-01
1.048438e+03, 7.929917e-01, 1.148290e-04, 2.068935e-01
1.048507e+03, 7.929932e-01, 1.148036e-04, 2.068920e-01
1.048576e+03, 7.929948e-01, 1.147781e-04, 2.068904e-01
1.048644e+03, 7.929964e-01, 1.147527e-04, 2.068889e-01
1.048713e+03, 7.929979e-01, 1.147272e-04, 2.068873e-01
1.048782e+03, 7.929995e-01, 1.147018e-04, 2.068858e-01
1.048851e+03, 7.930010e-01, 1.146764e-04, 2.068843e-01
1.048919e+03, 7.930026e-01, 1.146509e-04, 2.068828e-01
1.048988e+03, 7.930041e-01, 1.146255e-04, 2.068813e-01
1.049057e+03, 7.930056e-01, 1.146001e-04, 2.068798e-01
1.049125e+03, 7.930071e-01, 1.145747e-04, 2.068783e-01
1.049194e+03, 7.930087e-01, 1.145493e-04, 2.068768e-01
1.049263e+03, 7.930102e-01, 1.145239e-04, 2.068753e-01
1.049332e+03, 7.930117e-01, 1.144985e-04, 2.068738e-01
1.049400e+03, 7.930132e-01, 1.144731e-04, 2.068724e-01
1.049469e+03, 7.930146e-01, 1.144477e-04, 2.068709e-01
1.049538e+03, 7.930161e-01, 1.144223e-04, 2.068695e-01
1.049606e+03, 7.930176e-01, 1.143969e-04, 2.068680e-01
1.049675e+03, 7.930191e-01, 1.143715e-04, 2.068666e-01
1.049744e+03, 7.930205e-01, 1.143462e-04, 2.068651e-01
1.049812e+03, 7.930220e-01, 1.143208e-04, 2.068637e-01
